[{"id": 0, "img_name": "0000", "width": 1554, "height": 1162, "position": [0.7955989206032997, 0.0828924568178817, -2.101927783606896], "rotation": [[0.9702626817699956, -0.014742866540357844, -0.24160500046702157], [0.007479906143715135, 0.9994929146716195, -0.03095100200820868], [0.24193879260791873, 0.0282234194846075, 0.9698809510574059]], "fy": 2883.17529296875, "fx": 2892.33056640625}, {"id": 1, "img_name": "0001", "width": 1554, "height": 1162, "position": [1.1315170107791392, -0.11799681310596556, -1.979598255859574], "rotation": [[0.8022554268476031, 0.42799303020864987, -0.4161828879067323], [-0.4393476280184701, 0.8952822594638239, 0.07377897833322322], [0.40417804473785324, 0.12365937886859962, 0.9062827738458445]], "fy": 2883.17529296875, "fx": 2892.33056640625}, {"id": 2, "img_name": "0002", "width": 1554, "height": 1162, "position": [1.3115168337737115, -0.45543015185127833, -1.8205580891682966], "rotation": [[0.4234944039823303, 0.7491759755097792, -0.5093013327241754], [-0.7608595019778683, 0.5992920841412618, 0.24888112852446823], [0.49167601939248656, 0.2821069931862614, 0.8238145036048866]], "fy": 2883.17529296875, "fx": 2892.33056640625}, {"id": 3, "img_name": "0003", "width": 1554, "height": 1162, "position": [1.2837103997321895, -0.8423258439898849, -1.6654627855768653], "rotation": [[-0.0692899481346111, 0.8659440844931283, -0.49531782283586445], [-0.8737050025559049, 0.18696787245881474, 0.4490908406737002], [0.48149607640799036, 0.4638791407248037, 0.7436246843698295]], "fy": 2883.17529296875, "fx": 2892.33056640625}, {"id": 4, "img_name": "0004", "width": 1554, "height": 1162, "position": [1.0542167297422715, -1.1693265511143218, -1.5596586372424555], "rotation": [[-0.5462872951964373, 0.7481358540221015, -0.3766469633935484], [-0.7487468801147746, -0.23462486203243332, 0.6199429680500075], [0.3754308200259424, 0.6206802059377132, 0.6883369678665864]], "fy": 2883.17529296875, "fx": 2892.33056640625}, {"id": 5, "img_name": "0005", "width": 1554, "height": 1162, "position": [1.2889229340743107, -1.2729682953377355, -1.2875352922907808], "rotation": [[-0.5951046451019838, 0.6311270369596504, -0.4975229890131449], [-0.7244323386583175, -0.15326916258659234, 0.6720910284374026], [0.3479198874512391, 0.7603862354215368, 0.5484200259813459]], "fy": 2883.17529296875, "fx": 2892.33056640625}, {"id": 6, "img_name": "0006", "width": 1554, "height": 1162, "position": [1.5181290710232254, -0.962342068794868, -1.385830608667411], "rotation": [[-0.285235933301212, 0.7346833158352115, -0.6155330111270761], [-0.8534113060813218, 0.0976421229794348, 0.5120108968299808], [0.43626781339718235, 0.6713467369798172, 0.5991360060455333]], "fy": 2883.17529296875, "fx": 2892.33056640625}, {"id": 7, "img_name": "0007", "width": 1554, "height": 1162, "position": [1.6219077696300346, -0.6000057717558971, -1.5200407205348907], "rotation": [[0.06040341783162875, 0.7407434334146459, -0.6690669570135257], [-0.8726902734974403, 0.3645559967465196, 0.32482397045032624], [0.4845235945309787, 0.5642677476953945, 0.6684600176925664]], "fy": 2883.17529296875, "fx": 2892.33056640625}, {"id": 8, "img_name": "0008", "width": 1554, "height": 1162, "position": [1.5828846658096343, -0.22882013527635325, -1.6762637054408374], "rotation": [[0.3993877514713547, 0.6475389136702537, -0.6489859622961061], [-0.7781769498200973, 0.6137046025010786, 0.13344397939840807], [0.48469584147519246, 0.4517300257363246, 0.7490059579902649]], "fy": 2883.17529296875, "fx": 2892.33056640625}, {"id": 9, "img_name": "0009", "width": 1554, "height": 1162, "position": [1.4070700492536403, 0.09591471042301278, -1.8304482884275113], "rotation": [[0.6859120916279619, 0.4666235850914074, -0.5583789326210262], [-0.5816594919160236, 0.8126622457205145, -0.03538799011646762], [0.4372606065295016, 0.34905945656425375, 0.8288308981695364]], "fy": 2883.17529296875, "fx": 2892.33056640625}, {"id": 10, "img_name": "0010", "width": 1554, "height": 1162, "position": [1.119800085992241, 0.336827546992185, -1.9638000135641445], "rotation": [[0.8850516034265233, 0.2205749564467099, -0.4099150495659707], [-0.30796219254184887, 0.9377976718882651, -0.16029602167791634], [0.3490600911547429, 0.2681085884291696, 0.8979280804015212]], "fy": 2883.17529296875, "fx": 2892.33056640625}, {"id": 11, "img_name": "0011", "width": 1554, "height": 1162, "position": [0.774890847042663, 0.8240840389875903, -1.9316583436467654], "rotation": [[0.971018790975174, -0.05860778089111817, -0.23170592481015698], [-0.04348953956170642, 0.909956121059914, -0.4124178920637487], [0.23501312202049957, 0.4105423069119842, 0.8810356671063686]], "fy": 2883.17529296875, "fx": 2892.33056640625}, {"id": 12, "img_name": "0012", "width": 1554, "height": 1162, "position": [1.1414232993945859, 0.711297268318516, -1.8429381435593621], "rotation": [[0.897990765986762, 0.12880769526693137, -0.42073882854156686], [-0.2933246221033847, 0.8879781735530484, -0.3541968793782617], [0.3279836128077365, 0.44147858490918174, 0.8351786687866083]], "fy": 2883.17529296875, "fx": 2892.33056640625}, {"id": 13, "img_name": "0013", "width": 1554, "height": 1162, "position": [1.456294287685065, 0.5083749331598912, -1.7226139197949937], "rotation": [[0.7546192974862825, 0.2998399627900294, -0.5836486208116858], [-0.5177243552533844, 0.8185519441250129, -0.24886584085934557], [0.4031267887883124, 0.4899680719018696, 0.7729295444463148]], "fy": 2883.17529296875, "fx": 2892.33056640625}, {"id": 14, "img_name": "0014", "width": 1554, "height": 1162, "position": [1.6954587173591942, 0.23157733364405403, -1.5799259025201862], "rotation": [[0.5523624773969411, 0.4411477340551496, -0.7073078327729169], [-0.6994106521201611, 0.7069223294245318, -0.10528798536321458], [0.4535641445978338, 0.5528557650047617, 0.6990207935649947]], "fy": 2883.17529296875, "fx": 2892.33056640625}, {"id": 15, "img_name": "0015", "width": 1554, "height": 1162, "position": [1.841665370352745, -0.10236946700075032, -1.4249754471438822], "rotation": [[0.30679901824635997, 0.5421411151448251, -0.782277044065972], [-0.8241403246315021, 0.5624583775818625, 0.06658302189192987], [0.47609567076308484, 0.624278451299982, 0.6193620326780969]], "fy": 2883.17529296875, "fx": 2892.33056640625}, {"id": 16, "img_name": "0016", "width": 1554, "height": 1162, "position": [1.8783101416460675, -0.4669102523098076, -1.2728390079470477], "rotation": [[0.03548630565368515, 0.5967745258566919, -0.8016239064546252], [-0.8824023698510928, 0.3952708523681079, 0.2551999430826052], [0.4691553898147486, 0.6982987316018194, 0.5406219581658346]], "fy": 2883.17529296875, "fx": 2892.33056640625}, {"id": 17, "img_name": "0017", "width": 1554, "height": 1162, "position": [1.804994509265325, -0.8288352044932094, -1.136534462947344], "rotation": [[-0.23786761804788958, 0.5998026256370597, -0.7639736949418562], [-0.8699717876444094, 0.21821180811251556, 0.4421907908392681], [0.43193527870158266, 0.7698184312415206, 0.46990583943363623]], "fy": 2883.17529296875, "fx": 2892.33056640625}, {"id": 18, "img_name": "0018", "width": 1554, "height": 1162, "position": [1.629725514687194, -1.1618258300756446, -1.022673375620594], "rotation": [[-0.4938632589863605, 0.5499113866241951, -0.6735700025123043], [-0.7876438993427971, 0.04527430739112427, 0.6144650721711752], [0.36839675521296944, 0.833995026334875, 0.41077503185715486]], "fy": 2883.17529296875, "fx": 2892.33056640625}, {"id": 19, "img_name": "0019", "width": 1554, "height": 1162, "position": [1.6695242393922725, -1.3077404532334267, -0.6300762750202344], "rotation": [[-0.6232370331040452, 0.36087592273977054, -0.6937897152267294], [-0.7198983673949847, 0.08180524050341555, 0.6892417886694149], [0.30548640098980373, 0.9290190907688052, 0.20880993222880775]], "fy": 2883.17529296875, "fx": 2892.33056640625}, {"id": 20, "img_name": "0020", "width": 1554, "height": 1162, "position": [1.888744411664372, -1.000216577539962, -0.7304263739826639], "rotation": [[-0.4234887133474319, 0.41263591413071765, -0.8064669317689622], [-0.8259116248373545, 0.18989131521456623, 0.530858998571752], [0.3721925545008364, 0.8908832082689567, 0.2603839695498796]], "fy": 2883.17529296875, "fx": 2892.33056640625}, {"id": 21, "img_name": "0021", "width": 1554, "height": 1162, "position": [2.0263719111157004, -0.6564821356061855, -0.8541768861461339], "rotation": [[-0.20023856299387208, 0.4358433967026571, -0.8774651283332229], [-0.8843218318629695, 0.30513494490388254, 0.3533660468820207], [0.4217575317414865, 0.8467190791219922, 0.32432604809070503]], "fy": 2883.17529296875, "fx": 2892.33056640625}, {"id": 22, "img_name": "0022", "width": 1554, "height": 1162, "position": [2.0757397209507293, -0.29508888948376866, -0.9938520937894172], "rotation": [[0.03334253359201065, 0.42895262960416086, -0.9027114251018101], [-0.8914967486895292, 0.4210622250841624, 0.16715307261062307], [0.4517984313050053, 0.7991909935446277, 0.396449156018129]], "fy": 2883.17529296875, "fx": 2892.33056640625}, {"id": 23, "img_name": "0023", "width": 1554, "height": 1162, "position": [2.032644216009302, 0.06501768734397552, -1.1423167245352341], "rotation": [[0.2647324957559739, 0.3925189682587747, -0.8808209609494317], [-0.8471680027807941, 0.5310208043388963, -0.017980000658299963], [0.4606767638542387, 0.7509632247429555, 0.47310797322434467]], "fy": 2883.17529296875, "fx": 2892.33056640625}, {"id": 24, "img_name": "0024", "width": 1554, "height": 1162, "position": [1.8975446686953878, 0.3989320617608796, -1.2960842954649106], "rotation": [[0.48151314498652303, 0.33113479962492554, -0.8114769471048132], [-0.7536690315736918, 0.6290335566720714, -0.19052499948105758], [0.4473567726680362, 0.7033253365675403, 0.5524539699288937]], "fy": 2883.17529296875, "fx": 2892.33056640625}, {"id": 25, "img_name": "0025", "width": 1554, "height": 1162, "position": [1.6816272479570662, 0.6898912410660746, -1.4417086500954979], "rotation": [[0.6716728096863805, 0.24537971692089972, -0.6990310660133942], [-0.6153081648138747, 0.710283226777869, -0.34189706063579933], [0.41261543723106725, 0.6597624817173502, 0.6280620739041469]], "fy": 2883.17529296875, "fx": 2892.33056640625}, {"id": 26, "img_name": "0026", "width": 1554, "height": 1162, "position": [1.395372169677664, 0.9222199119184844, -1.5704541244168682], "rotation": [[0.8220288209863533, 0.14084013365503267, -0.5517541791593593], [-0.44184098032070235, 0.76899161932969, -0.4619831571712782], [0.3592285701013029, 0.6235510774208748, 0.6943622169086101]], "fy": 2883.17529296875, "fx": 2892.33056640625}, {"id": 27, "img_name": "0027", "width": 1554, "height": 1162, "position": [1.0555355454754398, 1.08367382223372, -1.675841209952116], "rotation": [[0.9260244554972228, 0.02297140856127996, -0.3767638812436546], [-0.24178256900290562, 0.8025950003027209, -0.5453278415920376], [0.28986185873175363, 0.596081856692339, 0.748776684315682]], "fy": 2883.17529296875, "fx": 2892.33056640625}, {"id": 28, "img_name": "0028", "width": 1554, "height": 1162, "position": [0.7225384624715292, 1.4434215376835096, -1.4856862514168934], "rotation": [[0.9740276148569721, -0.09609419328014478, -0.205027099462184], [-0.08712734495175779, 0.6767033188705972, -0.7310823783891773], [0.2089952900371095, 0.7299578921056727, 0.6507552877195448]], "fy": 2883.17529296875, "fx": 2892.33056640625}, {"id": 29, "img_name": "0029", "width": 1554, "height": 1162, "position": [1.0940583906049, 1.356449356776412, -1.4070316103913365], "rotation": [[0.9180172662453954, -0.021903773127618927, -0.3959349992083353], [-0.28000936247257674, 0.6711934953975783, -0.6863629132344506], [0.2807829336035789, 0.7409585119686222, 0.6100339562173677]], "fy": 2883.17529296875, "fx": 2892.33056640625}, {"id": 30, "img_name": "0030", "width": 1554, "height": 1162, "position": [1.4333597632945174, 1.1971987535758646, -1.3023249142264108], "rotation": [[0.8195880560495409, 0.04847260708038406, -0.5708991371019623], [-0.45934858317974236, 0.6511456948550316, -0.6041590545564317], [0.34245335085482487, 0.7574032548349584, 0.5559370576366655]], "fy": 2883.17529296875, "fx": 2892.33056640625}, {"id": 31, "img_name": "0031", "width": 1554, "height": 1162, "position": [1.7255451028095123, 0.9728567941612489, -1.1759857756621204], "rotation": [[0.6832262198075983, 0.11188426520276344, -0.7215842596450237], [-0.6167831982434745, 0.6173925928851074, -0.4882672143561912], [0.3908713585464789, 0.7786580105865744, 0.49082714229898505]], "fy": 2883.17529296875, "fx": 2892.33056640625}, {"id": 32, "img_name": "0032", "width": 1554, "height": 1162, "position": [1.9560828001314086, 0.6945107708800528, -1.033842483856884], "rotation": [[0.5154688071605503, 0.16499881299849012, -0.8408729396012031], [-0.7449108626289052, 0.5713160801156045, -0.34453699850495073], [0.42355603594086555, 0.8039734624416587, 0.41740502645228267]], "fy": 2883.17529296875, "fx": 2892.33056640625}, {"id": 33, "img_name": "0033", "width": 1554, "height": 1162, "position": [2.116103642907128, 0.37326672001652955, -0.8825894095748494], "rotation": [[0.32375850129332395, 0.20588313901839714, -0.923467685362207], [-0.8381777373620581, 0.5151871666078112, -0.17899794399164584], [0.43890604168878994, 0.8319821611251931, 0.3393628885699369]], "fy": 2883.17529296875, "fx": 2892.33056640625}, {"id": 34, "img_name": "0034", "width": 1554, "height": 1162, "position": [2.1967476732611075, 0.023808144870493566, -0.7325993215358131], "rotation": [[0.11715547776139809, 0.23413752383392802, -0.9651187564043169], [-0.8920225226666108, 0.4519888738716704, 0.0013700188739367136], [0.43654371268636327, 0.860747162544923, 0.2618089171225261]], "fy": 2883.17529296875, "fx": 2892.33056640625}, {"id": 35, "img_name": "0035", "width": 1554, "height": 1162, "position": [2.194469498557388, -0.3381756449315649, -0.5881637359046096], "rotation": [[-0.09561722117719686, 0.24758233365390683, -0.9641370935073685], [-0.9038958280877821, 0.38409013980899576, 0.1882739930712916], [0.4169288656112137, 0.8894817325634021, 0.18706300664790668]], "fy": 2883.17529296875, "fx": 2892.33056640625}, {"id": 36, "img_name": "0036", "width": 1554, "height": 1162, "position": [2.109957179531327, -0.6933301728662903, -0.45377494738146446], "rotation": [[-0.30416316993692416, 0.24429849515350854, -0.9207621904268509], [-0.8733302772162775, 0.31455545646963995, 0.37195307728598775], [0.38049834815838696, 0.9172639260708487, 0.11767708773517148]], "fy": 2883.17529296875, "fx": 2892.33056640625}, {"id": 37, "img_name": "0037", "width": 1554, "height": 1162, "position": [1.9472113329149392, -1.0270571575920435, -0.3368198794785117], "rotation": [[-0.4989765270742892, 0.22500621689827235, -0.8368958285151198], [-0.8018361334943487, 0.246478729758834, 0.5443409325039822], [0.3287571146784725, 0.9426666633193301, 0.05743101439715637]], "fy": 2883.17529296875, "fx": 2892.33056640625}, {"id": 38, "img_name": "0038", "width": 1554, "height": 1162, "position": [1.8192812743587636, -1.1617040729607027, 0.10791791726043597], "rotation": [[-0.6362975750462644, 0.03157119803176254, -0.7707974153077332], [-0.7276657338719233, 0.3072372905440152, 0.6132763056305102], [0.25617957713072653, 0.951109092982509, -0.17252106395194286]], "fy": 2883.17529296875, "fx": 2892.33056640625}, {"id": 39, "img_name": "0039", "width": 1554, "height": 1162, "position": [2.0348206311669896, -0.8548189946607999, 0.008339066454286571], "rotation": [[-0.46965365946992, 0.04291580166279261, -0.8818070503880948], [-0.8247216976030752, 0.3351120563298155, 0.4555590315262164], [0.3150548549843568, 0.9412003738152903, -0.12199301078645253]], "fy": 2883.17529296875, "fx": 2892.33056640625}, {"id": 40, "img_name": "0040", "width": 1554, "height": 1162, "position": [2.1819632850560544, -0.5167105213155194, -0.11131472693266488], "rotation": [[-0.2838756109809121, 0.048515543965037405, -0.9576329565569424], [-0.8878290324920856, 0.3639357392177684, 0.2816209984787785], [0.36217985387702284, 0.9301596743107031, -0.06023897186892752]], "fy": 2883.17529296875, "fx": 2892.33056640625}, {"id": 41, "img_name": "0041", "width": 1554, "height": 1162, "position": [2.2543655073378823, -0.16018074001914628, -0.24704329114136248], "rotation": [[-0.08620751079391416, 0.047456433483023155, -0.9951462967844419], [-0.9143024676815482, 0.3930109050428857, 0.09794603671820029], [0.39575151632577243, 0.9183083988717752, 0.00950904240228286]], "fy": 2883.17529296875, "fx": 2892.33056640625}, {"id": 42, "img_name": "0042", "width": 1554, "height": 1162, "position": [2.2489376579151226, 0.19910805230190262, -0.3924641694238646], "rotation": [[0.1163256634085044, 0.03981567775149735, -0.9924127426820757], [-0.9025772511548366, 0.42125050269203157, -0.08889499243202505], [0.4145149523604067, 0.9060699342693694, 0.08493896916462985]], "fy": 2883.17529296875, "fx": 2892.33056640625}, {"id": 43, "img_name": "0043", "width": 1554, "height": 1162, "position": [2.166232281000279, 0.5453046117163786, -0.5425636323066578], "rotation": [[0.3116187500342733, 0.02703508345646519, -0.9498225407356782], [-0.8534517539914387, 0.44742475859693065, -0.26726613890168543], [0.4177485586282899, 0.8939128535024992, 0.16249908340358712]], "fy": 2883.17529296875, "fx": 2892.33056640625}, {"id": 44, "img_name": "0044", "width": 1554, "height": 1162, "position": [2.0093519766429417, 0.8661651902035046, -0.6924067424059283], "rotation": [[0.49451934076119913, 0.00931678177571295, -0.8691166890530018], [-0.7691181073137606, 0.4704612359794714, -0.4325778108534535], [0.404855478677524, 0.8823714767704197, 0.23981788583585892]], "fy": 2883.17529296875, "fx": 2892.33056640625}, {"id": 45, "img_name": "0045", "width": 1554, "height": 1162, "position": [1.7852312857999373, 1.1473112637144218, -0.8346978555053063], "rotation": [[0.6570528440134802, -0.01296396148464333, -0.7537330401915667], [-0.6530517976915953, 0.48967011236376295, -0.5777079976851934], [0.37656992671424644, 0.8718113997650434, 0.3132730016042599]], "fy": 2883.17529296875, "fx": 2892.33056640625}, {"id": 46, "img_name": "0046", "width": 1554, "height": 1162, "position": [1.5021192470438531, 1.3795171668099893, -0.963312413463217], "rotation": [[0.793904344660446, -0.039661576393131046, -0.6067477654571786], [-0.5083118358458203, 0.5042991850262457, -0.6980697741063685], [0.33366895131000635, 0.8626176970940698, 0.380204865292127]], "fy": 2883.17529296875, "fx": 2892.33056640625}, {"id": 47, "img_name": "0047", "width": 1554, "height": 1162, "position": [1.1718194986349684, 1.5506070526401448, -1.0720674479027366], "rotation": [[0.8966865299447141, -0.06893174678747682, -0.43726614469969455], [-0.3439939893482735, 0.5131974793239727, -0.7863183086433765], [0.27860617779935704, 0.8554979611316135, 0.43646516034121824]], "fy": 2883.17529296875, "fx": 2892.33056640625}, {"id": 48, "img_name": "0048", "width": 1554, "height": 1162, "position": [0.8088409849371906, 1.655063643544334, -1.157375425480747], "rotation": [[0.9629555771895028, -0.09971567938520479, -0.25054608287574265], [-0.16514916846634667, 0.5164091938322215, -0.8402662058421898], [0.21317201625566545, 0.8505165064890289, 0.4808111517791492]], "fy": 2883.17529296875, "fx": 2892.33056640625}, {"id": 49, "img_name": "0049", "width": 1554, "height": 1162, "position": [1.9088026321711329, 1.2057793517962925, -2.0854625466295054], "rotation": [[0.7687937191033597, 0.18345670828027172, -0.6126172162567683], [-0.5128005758392525, 0.749223738095562, -0.41916507451485463], [0.3820887159890432, 0.6364019378200226, 0.6700752096987057]], "fy": 2883.17529296875, "fx": 2892.33056640625}, {"id": 50, "img_name": "0050", "width": 1554, "height": 1162, "position": [2.312084633963493, 0.8348695405849842, -1.8861415597866107], "rotation": [[0.5891372674722706, 0.2879839819964212, -0.7549718578786835], [-0.6838492307707406, 0.6754050986949451, -0.27600395328896593], [0.43042712466754757, 0.6788911391161002, 0.5948439388445269]], "fy": 2883.17529296875, "fx": 2892.33056640625}, {"id": 51, "img_name": "0051", "width": 1554, "height": 1162, "position": [2.5982555283555637, 0.37701732641391955, -1.663894440941882], "rotation": [[0.37035019771887506, 0.36746659593575287, -0.8531172439477358], [-0.8091312414846747, 0.5787103661459221, -0.10198502914017188], [0.4562317011158466, 0.7280539904338434, 0.5116542014977478]], "fy": 2883.17529296875, "fx": 2892.33056640625}, {"id": 52, "img_name": "0052", "width": 1554, "height": 1162, "position": [2.7461297439811516, -0.14356414715492902, -1.4381887220581964], "rotation": [[0.1267937237058935, 0.4194560791622788, -0.8988770490354072], [-0.8803137503966485, 0.4652047165991142, 0.09291002376775809], [0.4571335171384625, 0.7795134182987141, 0.4282379924771656]], "fy": 2883.17529296875, "fx": 2892.33056640625}, {"id": 53, "img_name": "0053", "width": 1554, "height": 1162, "position": [2.746846693941598, -0.68299574424286, -1.2204613648793123], "rotation": [[-0.1244659593369687, 0.43799506618529727, -0.8903193511115352], [-0.8927337238643427, 0.3421885880658648, 0.2931441087124097], [0.43305279498189503, 0.8313045724611567, 0.34842213558202917]], "fy": 2883.17529296875, "fx": 2892.33056640625}, {"id": 54, "img_name": "0054", "width": 1554, "height": 1162, "position": [2.936827444331924, -0.5462114318394854, -0.6869304827176138], "rotation": [[-0.1630711460243502, 0.23532419116444722, -0.9581389911631315], [-0.89943322843129, 0.3636779299523803, 0.2424009712423162], [0.4054968174079441, 0.9013106502856547, 0.15235302016592292]], "fy": 2883.17529296875, "fx": 2892.33056640625}, {"id": 55, "img_name": "0055", "width": 1554, "height": 1162, "position": [2.9524121038609143, -0.0035950494710657948, -0.9022672521428324], "rotation": [[0.06285696323127259, 0.22566475248082762, -0.9721750982519091], [-0.89981389105362, 0.43418844465536727, 0.04260699466868088], [0.4317220907485349, 0.8720985116462013, 0.23034804610457152]], "fy": 2883.17529296875, "fx": 2892.33056640625}, {"id": 56, "img_name": "0056", "width": 1554, "height": 1162, "position": [2.835878574512983, 0.5220739332933123, -1.1260992454418244], "rotation": [[0.28580404301531553, 0.1993301097391865, -0.9373278809186588], [-0.8522925451163961, 0.5000222840620471, -0.15354195837095969], [0.43807929252033306, 0.8427604777116317, 0.31279595693062745]], "fy": 2883.17529296875, "fx": 2892.33056640625}, {"id": 57, "img_name": "0057", "width": 1554, "height": 1162, "position": [2.5938139636431004, 0.9991978015703491, -1.35091825895071], "rotation": [[0.49271050211987316, 0.1592565474235428, -0.8554961795376501], [-0.7592473053388076, 0.5590300445970857, -0.33321005172944546], [0.4251821849943173, 0.8137092609406096, 0.3963550784624121]], "fy": 2883.17529296875, "fx": 2892.33056640625}, {"id": 58, "img_name": "0058", "width": 1554, "height": 1162, "position": [2.2390325752081703, 1.408922392441236, -1.5619324817692803], "rotation": [[0.6741145684041028, 0.10577933974499883, -0.7310131872603], [-0.6259282188816331, 0.6072586008036682, -0.4893371604095049], [0.39215228352390946, 0.7874310909743677, 0.4755721433115064]], "fy": 2883.17529296875, "fx": 2892.33056640625}, {"id": 59, "img_name": "0059", "width": 1554, "height": 1162, "position": [2.002572505448085, 1.928484169601313, -1.1889724389638143], "rotation": [[0.7623667555399767, -0.04778053857581167, -0.6453789198454306], [-0.5491866510342921, 0.4797761772406068, -0.6842578768842406], [0.34233164091738294, 0.876088945190952, 0.33952497366322926]], "fy": 2883.17529296875, "fx": 2892.33056640625}, {"id": 60, "img_name": "0060", "width": 1554, "height": 1162, "position": [2.417375441896681, 1.5725852057132503, -0.9941168753481695], "rotation": [[0.6070949368874524, -0.024836846149836018, -0.7942410645886734], [-0.695850663856838, 0.46601733987478844, -0.5464610622414223], [0.3837024774686998, 0.8844269161492968, 0.26563403165826965]], "fy": 2883.17529296875, "fx": 2892.33056640625}, {"id": 61, "img_name": "0061", "width": 1554, "height": 1162, "position": [2.7370947564736405, 1.1393297345310622, -0.7781619658154337], "rotation": [[0.42494542767872706, -0.0062948641553159925, -0.9051970825075663], [-0.8081079773734828, 0.44796090470267347, -0.38248205809331853], [0.4079005766118531, 0.8940309852254721, 0.18527200829183385]], "fy": 2883.17529296875, "fx": 2892.33056640625}, {"id": 62, "img_name": "0062", "width": 1554, "height": 1162, "position": [2.9455787150501163, 0.6486797965787684, -0.5532676184177626], "rotation": [[0.2232473554883128, 0.008298950953111082, -0.9747264978857159], [-0.8824883118787342, 0.4263984848860311, -0.1984910866621449], [0.4139746340838975, 0.9044973518479613, 0.10251606135200518]], "fy": 2883.17529296875, "fx": 2892.33056640625}, {"id": 63, "img_name": "0063", "width": 1554, "height": 1162, "position": [3.034676402088674, 0.12104586486188337, -0.32979807783707427], "rotation": [[0.010185183732098025, 0.01746063560661212, -0.9997956732435664], [-0.9152914783616292, 0.40278563231553877, -0.0022899866276362628], [0.40266334781170066, 0.9151277837572109, 0.020084016647292736]], "fy": 2883.17529296875, "fx": 2892.33056640625}]